2.19 0 1
2.7 1 0
3.97 0 1
4.48 1 0
5.39 3 0
5.59 1 0
6.0 0 1
6.14 1 0
6.26 1 0
6.29 0 1
6.64 1 0
6.66 0 1
6.99 1 0
7.04 1 0
7.15 0 1
7.26 0 1
7.73 0 1
8.09 0 1
8.48 1 0
8.81 2 0
8.98 1 1
9.03 1 1
9.7 0 1
9.93 0 1
9.99 0 1
10.1 1 0
10.45 1 1
10.49 1 0
10.71 3 3
10.95 0 1
10.97 0 2
10.99 3 0
11.1 1 0
11.34 1 0
11.7 3 1
11.87 0 1
11.99 1 5
12.0 2 0
12.01 2 0
12.03 1 0
12.18 0 1
12.63 1 0
12.65 0 1
12.67 0 1
12.99 3 1
13.3 1 0
13.41 1 0
13.46 0 1
13.5 2 0
13.77 1 0
14.02 2 0
14.67 0 1
14.95 0 1
14.98 0 1
15.47 1 0
15.77 0 1
16.12 0 1
16.16 0 1
16.18 1 0
16.42 0 1
16.7 2 1
16.97 1 0
16.98 2 1
16.99 0 1
17.33 0 1
17.4 0 1
17.81 0 2
18.0 0 1
18.16 1 0
18.19 1 0
19.19 1 0
19.5 0 1
19.7 1 0
19.99 1 1
20.0 1 0
20.28 0 1
20.44 1 0
20.9 0 1
21.29 0 2
21.73 1 3
21.74 1 2
21.75 4 12
22.26 1 0
22.5 1 0
22.63 1 0
22.79 1 2
23.5 1 0
24.96 1 0
25.12 0 1
25.99 1 0
28.0 0 1
29.17 1 0
29.49 0 1
29.95 1 0
30.99 1 0
32.99 1 0
33.99 1 1
34.99 0 1
35.44 0 3
35.79 0 1
39.98 0 1
45.99 0 1
56.49 1 0
56.9 1 0
