2.19 0.0 0.00970873786408
2.7 0.1 0.0
3.97 0.0 0.00196078431373
4.48 0.0169491525424 0.0
5.39 0.0188679245283 0.0
5.59 0.0151515151515 0.0
6.0 0.0 0.0196078431373
6.14 0.142857142857 0.0
6.26 0.142857142857 0.0
6.29 0.0 0.00105485232068
6.64 0.025 0.0
6.66 0.0 0.00746268656716
6.99 0.00343642611684 0.0
7.04 0.00285714285714 0.0
7.15 0.0 0.027027027027
7.26 0.0 0.0555555555556
7.73 0.0 0.333333333333
8.09 0.0 0.0140845070423
8.48 0.00943396226415 0.0
8.81 0.003367003367 0.0
8.98 0.00666666666667 0.00666666666667
9.03 0.00393700787402 0.00393700787402
9.7 0.0 0.125
9.93 0.0 0.0526315789474
9.99 0.0 0.0036496350365
10.1 0.00227272727273 0.0
10.45 0.00202839756592 0.00202839756592
10.49 0.0103092783505 0.0
10.71 0.00665188470067 0.00665188470067
10.95 0.0 0.0144927536232
10.97 0.0 0.00162469536962
10.99 0.0025817555938 0.0
11.1 0.047619047619 0.0
11.34 0.0666666666667 0.0
11.7 0.00804289544236 0.00268096514745
11.87 0.0 0.037037037037
11.99 0.00222222222222 0.0111111111111
12.0 0.0384615384615 0.0
12.01 0.0246913580247 0.0
12.03 0.2 0.0
12.18 0.0 0.0416666666667
12.63 0.0133333333333 0.0
12.65 0.0 0.00662251655629
12.67 0.0 0.25
12.99 0.00737100737101 0.002457002457
13.3 0.00434782608696 0.0
13.41 0.030303030303 0.0
13.46 0.0 0.0434782608696
13.5 0.0121951219512 0.0
13.77 0.111111111111 0.0
14.02 0.0134228187919 0.0
14.67 0.0 0.00735294117647
14.95 0.0 0.00285714285714
14.98 0.0 0.0243902439024
15.47 0.0204081632653 0.0
15.77 0.0 0.00740740740741
16.12 0.0 0.333333333333
16.16 0.0 0.0208333333333
16.18 0.0333333333333 0.0
16.42 0.0 0.0357142857143
16.7 0.00206398348813 0.00103199174407
16.97 0.0217391304348 0.0
16.98 0.0037037037037 0.00185185185185
16.99 0.0 0.0769230769231
17.33 0.0 0.0526315789474
17.4 0.0 0.125
17.81 0.0 0.0281690140845
18.0 0.0 0.0123456790123
18.16 0.25 0.0
18.19 0.00174216027875 0.0
19.19 0.5 0.0
19.5 0.0 0.0217391304348
19.7 0.0909090909091 0.0
19.99 0.00431034482759 0.00431034482759
20.0 0.00645161290323 0.0
20.28 0.0 0.00392156862745
20.44 0.02 0.0
20.9 0.0 0.00537634408602
21.29 0.0 0.00662251655629
21.73 0.00114547537228 0.00343642611684
21.74 0.000762776506484 0.00152555301297
21.75 0.00117508813161 0.00352526439483
22.26 0.0125 0.0
22.5 0.0028901734104 0.0
22.63 0.0232558139535 0.0
22.79 0.0049504950495 0.00990099009901
23.5 0.333333333333 0.0
24.96 0.5 0.0
25.12 0.0 0.000766283524904
25.99 0.00401606425703 0.0
28.0 0.0 0.000436109899695
29.17 0.0357142857143 0.0
29.49 0.0 0.0161290322581
29.95 0.0149253731343 0.0
30.99 0.0112359550562 0.0
32.99 0.000474383301708 0.0
33.99 0.00555555555556 0.00555555555556
34.99 0.0 0.00179211469534
35.44 0.0 0.00443786982249
35.79 0.0 0.00073046018992
39.98 0.0 0.03125
45.99 0.0 0.00338983050847
56.49 0.0172413793103 0.0
56.9 0.030303030303 0.0
1.79 0.0416666666667 0.0
1.95 0.0175438596491 0.0
1.97 0.0 1.0
2.19 0.0194174757282 0.00970873786408
2.7 0.1 0.0
3.39 0.00553709856035 0.0
3.65 0.0277777777778 0.0
3.97 0.00196078431373 0.00196078431373
3.98 0.0 0.0178571428571
4.48 0.0338983050847 0.0169491525424
4.59 0.0243902439024 0.0
4.62 0.0 1.0
4.78 0.0 0.00359712230216
4.89 0.0461538461538 0.0153846153846
4.98 0.0769230769231 0.0
5.24 0.0 0.02
5.29 0.0102389078498 0.0
5.37 0.272727272727 0.0
5.39 0.0377358490566 0.0
5.49 0.0 0.0408163265306
5.59 0.0151515151515 0.0
5.6 0.166666666667 0.0
5.65 0.0117647058824 0.0
5.69 0.0454545454545 0.0
6.14 0.142857142857 0.0
6.26 0.142857142857 0.0
6.29 0.00632911392405 0.00210970464135
6.41 0.166666666667 0.0
6.64 0.025 0.025
6.66 0.0149253731343 0.00746268656716
6.99 0.00687285223368 0.0
7.04 0.0257142857143 0.00285714285714
7.15 0.0 0.027027027027
7.19 0.00819672131148 0.00819672131148
7.26 0.0 0.0555555555556
7.49 0.0 0.0833333333333
7.73 0.0 0.333333333333
8.05 0.117647058824 0.0
8.06 0.1 0.0
8.09 0.0 0.0281690140845
8.34 0.1 0.0
8.43 0.0 0.0714285714286
8.48 0.0188679245283 0.0
8.57 0.142857142857 0.0
8.73 1.0 0.0
8.78 0.0 0.0204081632653
8.81 0.016835016835 0.00505050505051
8.87 1.0 0.0
8.88 0.142857142857 0.0
8.95 0.0666666666667 0.0
8.96 0.0285714285714 0.0285714285714
8.98 0.02 0.0133333333333
8.99 0.0197368421053 0.00657894736842
9.0 0.0 0.00826446280992
9.03 0.011811023622 0.00787401574803
9.07 0.012987012987 0.0
9.1 0.0333333333333 0.0
9.11 0.0 0.111111111111
9.15 0.013698630137 0.0
9.28 0.0 0.2
9.34 0.0222222222222 0.0
9.54 0.0 0.015625
9.57 0.0153846153846 0.0
9.6 0.0246913580247 0.0
9.61 0.0769230769231 0.0
9.64 0.0222222222222 0.0
9.65 0.0 0.0243902439024
9.7 0.0 0.125
9.84 0.0 0.030303030303
9.86 0.0 0.00714285714286
9.88 0.0 0.00892857142857
9.93 0.0526315789474 0.0526315789474
9.99 0.00729927007299 0.0109489051095
10.0 0.0138888888889 0.0138888888889
10.03 0.166666666667 0.0
10.08 0.0208333333333 0.0
10.1 0.0181818181818 0.0
10.25 0.0025706940874 0.0025706940874
10.27 0.0 0.333333333333
10.45 0.0162271805274 0.00608519269777
10.46 0.0 0.0769230769231
10.49 0.020618556701 0.0
10.71 0.0310421286031 0.019955654102
10.72 0.0 0.130434782609
10.95 0.0434782608696 0.0144927536232
10.97 0.0089358245329 0.00243704305443
10.99 0.00774526678141 0.0025817555938
11.1 0.047619047619 0.047619047619
11.12 0.153846153846 0.0
11.2 0.00485436893204 0.00485436893204
11.34 0.0666666666667 0.0
11.37 0.1 0.1
11.49 0.0281690140845 0.0
11.5 0.0666666666667 0.0666666666667
11.66 0.0333333333333 0.0
11.7 0.0107238605898 0.00536193029491
11.74 0.0119760479042 0.0
11.76 0.0 0.0322580645161
11.81 0.04 0.0
11.87 0.0 0.037037037037
11.88 0.0471698113208 0.00943396226415
11.99 0.0155555555556 0.0155555555556
12.0 0.0384615384615 0.0
12.01 0.0493827160494 0.0
12.03 0.2 0.0
12.06 0.0769230769231 0.0
12.14 0.111111111111 0.111111111111
12.18 0.0 0.0416666666667
12.22 0.166666666667 0.0
12.36 0.0666666666667 0.0666666666667
12.42 0.2 0.0
12.46 0.0625 0.0
12.48 0.0588235294118 0.0
12.63 0.04 0.0
12.65 0.0132450331126 0.0198675496689
12.67 0.0 0.25
12.75 1.0 0.0
12.78 0.015873015873 0.0
12.8 0.0294117647059 0.0
12.85 0.25 0.0
12.87 0.0384615384615 0.0
12.88 0.0526315789474 0.0
12.89 0.0283018867925 0.0
12.9 0.0294117647059 0.0294117647059
12.99 0.02457002457 0.004914004914
13.0 0.0740740740741 0.0
13.19 0.0666666666667 0.0
13.22 0.0129032258065 0.00645161290323
13.29 0.0 0.0714285714286
13.3 0.0130434782609 0.00434782608696
13.41 0.0606060606061 0.0
13.44 0.0253164556962 0.0
13.46 0.0 0.0434782608696
13.5 0.0243902439024 0.0
13.62 0.0 0.0344827586207
13.68 0.0769230769231 0.0
13.77 0.111111111111 0.0
13.79 0.0 0.0666666666667
13.83 0.0 0.0833333333333
13.86 0.0 0.1
14.02 0.0201342281879 0.00671140939597
14.19 0.0140845070423 0.0
14.2 0.0555555555556 0.0
14.31 0.0416666666667 0.0
14.32 0.00833333333333 0.0
14.4 0.0266666666667 0.00666666666667
14.46 0.0434782608696 0.0
14.56 0.142857142857 0.0
14.65 0.0909090909091 0.0
14.67 0.0220588235294 0.00735294117647
14.79 0.0363636363636 0.0
14.88 0.037037037037 0.0
14.95 0.0142857142857 0.00571428571429
14.96 0.0298507462687 0.0149253731343
14.97 0.0 0.047619047619
14.98 0.0 0.0243902439024
14.99 0.0138888888889 0.00694444444444
15.21 0.111111111111 0.111111111111
15.38 0.0625 0.125
15.47 0.0204081632653 0.0
15.77 0.0148148148148 0.00740740740741
15.8 0.03125 0.0
15.84 0.0 0.166666666667
15.9 0.0185185185185 0.0
15.95 0.00441826215022 0.00441826215022
16.0 0.0833333333333 0.0
16.12 0.0 0.333333333333
16.16 0.0 0.0208333333333
16.18 0.0333333333333 0.0
16.29 0.1 0.0
16.42 0.0 0.107142857143
16.45 0.0344827586207 0.0
16.5 0.00724637681159 0.00724637681159
16.55 0.4 0.0
16.57 0.0 0.0357142857143
16.61 0.0 0.015625
16.7 0.0123839009288 0.00103199174407
16.89 0.0121212121212 0.0
16.93 0.0 0.0151515151515
16.95 0.063829787234 0.0
16.97 0.0652173913043 0.0
16.98 0.0111111111111 0.00185185185185
16.99 0.0769230769231 0.0769230769231
17.0 0.0833333333333 0.0
17.02 0.05 0.0
17.33 0.0 0.0526315789474
17.37 0.0666666666667 0.0
17.4 0.0 0.125
17.49 0.166666666667 0.0
17.81 0.0 0.0281690140845
17.83 0.111111111111 0.0
17.96 0.0 0.0833333333333
17.99 0.00331125827815 0.0
18.0 0.0123456790123 0.037037037037
18.09 0.0806451612903 0.0
18.16 0.25 0.0
18.19 0.00174216027875 0.00174216027875
18.21 0.125 0.0
18.33 0.0833333333333 0.0
18.93 0.00719424460432 0.0
18.95 0.00980392156863 0.0
19.13 0.0909090909091 0.0
19.19 0.5 0.0
19.36 0.0425531914894 0.0212765957447
19.5 0.0 0.0217391304348
19.55 0.04 0.0
19.7 0.0909090909091 0.0
19.77 0.00591715976331 0.00591715976331
19.88 0.0144329896907 0.0
19.95 0.111111111111 0.0
19.99 0.0344827586207 0.00862068965517
20.0 0.00645161290323 0.0
20.21 0.388888888889 0.0
20.28 0.0078431372549 0.00392156862745
20.31 0.0 0.2
20.33 0.0277777777778 0.0
20.44 0.04 0.04
20.63 0.0526315789474 0.0
20.73 0.025 0.0
20.89 0.25 0.0
20.9 0.010752688172 0.00537634408602
20.93 0.2 0.0
20.99 0.25 0.0
21.29 0.00662251655629 0.0198675496689
21.57 0.105263157895 0.0
21.73 0.0183276059565 0.0057273768614
21.74 0.00762776506484 0.0045766590389
21.75 0.0126321974148 0.00646298472385
21.79 0.08 0.0
21.91 0.0357142857143 0.0357142857143
22.07 0.0363636363636 0.0
22.14 0.0 0.02
22.26 0.0125 0.0
22.49 0.0104166666667 0.0104166666667
22.5 0.0260115606936 0.00578034682081
22.56 0.0714285714286 0.0714285714286
22.63 0.0232558139535 0.0
22.79 0.0247524752475 0.019801980198
22.91 0.047619047619 0.0
23.07 0.00862068965517 0.0
23.33 0.0416666666667 0.0
23.36 0.0 0.111111111111
23.5 0.333333333333 0.0
23.65 0.010067114094 0.00335570469799
23.68 0.0134228187919 0.0
24.0 0.142857142857 0.0
24.12 0.0 0.0357142857143
24.29 0.333333333333 0.0
24.47 0.5 0.0
24.59 0.0227272727273 0.0
24.94 0.0261437908497 0.0
24.96 0.5 0.0
24.99 0.0 0.0454545454545
25.12 0.00383141762452 0.00153256704981
25.75 0.0 0.333333333333
25.99 0.00401606425703 0.0
26.29 0.0 0.00735294117647
26.58 0.0 0.0714285714286
26.66 0.25 0.0
26.99 0.05 0.0
28.0 0.00610553859573 0.00174443959878
28.41 0.0833333333333 0.0
28.56 0.0352941176471 0.0
28.74 0.03125 0.0
28.99 0.0 0.00215517241379
29.17 0.142857142857 0.0
29.48 0.00980392156863 0.0
29.49 0.0161290322581 0.0161290322581
29.95 0.0298507462687 0.0
30.0 0.0769230769231 0.0
30.99 0.0224719101124 0.0
31.22 0.0810810810811 0.0
31.96 0.0147058823529 0.0
32.95 0.031914893617 0.0212765957447
32.99 0.00474383301708 0.00189753320683
33.99 0.0222222222222 0.0111111111111
34.99 0.00179211469534 0.010752688172
35.1 0.333333333333 0.0
35.44 0.0103550295858 0.00739644970414
35.79 0.00292184075968 0.00146092037984
36.84 0.333333333333 0.0
37.16 0.2 0.0
39.98 0.0 0.03125
41.35 0.0 0.25
42.0 0.047619047619 0.0
42.79 0.111111111111 0.0
44.99 0.00375939849624 0.0
45.99 0.0 0.00677966101695
47.97 0.0322580645161 0.0
49.96 0.0144927536232 0.0
56.0 0.0 0.0111111111111
56.49 0.0172413793103 0.0
56.9 0.030303030303 0.0
59.95 0.0434782608696 0.0
60.19 0.142857142857 0.0
92.07 0.0179640718563 0.0059880239521
99.0 0.025 0.0
124.95 0.0 0.192307692308
130.73 0.0 0.047619047619
169.0 0.0384615384615 0.0
177.2 0.0 0.25
196.86 0.0833333333333 0.0
374.98 0.0769230769231 0.0384615384615
