2.19 0.0 0.00970873786408
2.7 0.1 0.0
3.97 0.0 0.00196078431373
4.48 0.0169491525424 0.0
4.78 0.0 0.00359712230216
5.24 0.02 0.0
5.39 0.0251572327044 0.0
5.59 0.0151515151515 0.0
6.0 0.0 0.0196078431373
6.14 0.142857142857 0.0
6.26 0.142857142857 0.0
6.29 0.0 0.00105485232068
6.64 0.075 0.0
6.66 0.0 0.00746268656716
6.99 0.00687285223368 0.0
7.04 0.00571428571429 0.0
7.05 0.0416666666667 0.0
7.15 0.0 0.027027027027
7.26 0.0 0.0555555555556
7.73 0.0 0.333333333333
8.09 0.0 0.0140845070423
8.48 0.00943396226415 0.0
8.5 0.0 0.142857142857
8.78 0.0 0.0204081632653
8.81 0.003367003367 0.0016835016835
8.98 0.00666666666667 0.0133333333333
9.03 0.00393700787402 0.00393700787402
9.07 0.0 0.012987012987
9.15 0.00684931506849 0.0
9.54 0.0 0.015625
9.65 0.0 0.0121951219512
9.7 0.0 0.125
9.93 0.0 0.0526315789474
9.99 0.0 0.0036496350365
10.1 0.00227272727273 0.0
10.45 0.00405679513185 0.00202839756592
10.49 0.0103092783505 0.0
10.71 0.00665188470067 0.00665188470067
10.95 0.0 0.0144927536232
10.97 0.0 0.00162469536962
10.99 0.0025817555938 0.0
11.1 0.047619047619 0.0
11.2 0.0 0.00485436893204
11.34 0.0666666666667 0.0
11.7 0.0160857908847 0.00268096514745
11.74 0.0 0.00299401197605
11.87 0.0 0.037037037037
11.99 0.00222222222222 0.0111111111111
12.0 0.0384615384615 0.0
12.01 0.0246913580247 0.0
12.03 0.2 0.0
12.18 0.0 0.0416666666667
12.63 0.0133333333333 0.0
12.65 0.0 0.0132450331126
12.67 0.0 0.25
12.99 0.00737100737101 0.002457002457
13.3 0.00434782608696 0.0
13.41 0.030303030303 0.0
13.44 0.0 0.0126582278481
13.46 0.0 0.0434782608696
13.5 0.0121951219512 0.00609756097561
13.77 0.111111111111 0.0
13.86 0.0 0.05
14.02 0.0134228187919 0.00671140939597
14.4 0.0 0.00666666666667
14.67 0.0 0.00735294117647
14.95 0.0 0.00285714285714
14.98 0.0 0.0243902439024
14.99 0.0 0.00694444444444
15.47 0.0204081632653 0.0
15.77 0.0 0.00740740740741
15.8 0.0 0.015625
15.99 0.0 0.0258620689655
16.12 0.0 0.333333333333
16.16 0.0 0.0208333333333
16.18 0.0333333333333 0.0
16.42 0.0 0.0357142857143
16.5 0.0036231884058 0.0036231884058
16.7 0.00206398348813 0.00206398348813
16.97 0.0217391304348 0.0
16.98 0.0037037037037 0.00555555555556
16.99 0.0 0.0769230769231
17.33 0.0 0.0526315789474
17.4 0.0 0.125
17.81 0.0 0.0281690140845
17.97 0.0 0.0769230769231
17.99 0.0 0.00331125827815
18.0 0.0 0.0246913580247
18.16 0.25 0.0
18.19 0.00174216027875 0.0
18.72 0.0 0.2
19.19 0.5 0.0
19.5 0.0 0.0217391304348
19.7 0.0909090909091 0.0
19.99 0.00431034482759 0.00431034482759
20.0 0.00645161290323 0.0
20.28 0.0 0.00392156862745
20.44 0.02 0.02
20.9 0.0 0.010752688172
21.29 0.0 0.00662251655629
21.73 0.00229095074456 0.00801832760596
21.74 0.000762776506484 0.00228832951945
21.75 0.00146886016451 0.00528789659224
22.05 0.0 0.0833333333333
22.14 0.0 0.02
22.26 0.0125 0.0
22.5 0.0028901734104 0.0
22.63 0.0232558139535 0.0
22.79 0.0049504950495 0.00990099009901
23.88 0.0243902439024 0.0
24.96 0.5 0.0
25.12 0.0 0.00229885057471
25.99 0.00401606425703 0.0
26.29 0.0 0.00735294117647
28.0 0.0 0.000872219799389
28.63 0.0 0.0243902439024
29.17 0.0357142857143 0.0357142857143
29.48 0.00980392156863 0.0
29.49 0.0 0.0161290322581
29.95 0.0149253731343 0.0
30.99 0.0112359550562 0.0
32.99 0.000948766603416 0.000474383301708
33.99 0.00555555555556 0.00555555555556
34.99 0.00179211469534 0.00179211469534
35.44 0.0 0.00591715976331
35.79 0.0 0.00219138056976
39.98 0.0 0.03125
44.99 0.0 0.00375939849624
45.99 0.0 0.00338983050847
56.49 0.0172413793103 0.0
56.9 0.030303030303 0.0
69.2 0.111111111111 0.0
92.07 0.0059880239521 0.0
113.35 0.125 0.0
