1.35 0.285714285714 0.0
3.39 0.00110741971207 0.0
3.67 0.0 0.5
3.72 0.111111111111 0.0
4.49 0.0357142857143 0.0
4.78 0.0 0.00359712230216
4.89 0.0153846153846 0.0
5.49 0.0204081632653 0.0
5.59 0.0 0.030303030303
6.29 0.0 0.00210970464135
6.99 0.00687285223368 0.0
7.04 0.00571428571429 0.0
7.15 0.027027027027 0.027027027027
7.49 0.0 0.0833333333333
8.81 0.003367003367 0.0016835016835
8.95 0.0666666666667 0.0
8.98 0.00666666666667 0.0
9.0 0.00826446280992 0.0
9.07 0.012987012987 0.0
9.15 0.00684931506849 0.0
9.54 0.015625 0.0
9.57 0.0 0.00769230769231
9.6 0.00617283950617 0.0
9.62 0.0188679245283 0.0
9.63 0.125 0.0
9.86 0.00714285714286 0.0
9.94 0.2 0.0
10.1 0.00227272727273 0.0
10.2 0.05 0.0
10.45 0.00608519269777 0.00405679513185
10.65 0.0208333333333 0.0
10.71 0.00443458980044 0.00221729490022
10.75 0.05 0.0
10.97 0.00162469536962 0.0
10.99 0.000860585197935 0.0
11.01 0.0625 0.0
11.07 0.0833333333333 0.0
11.2 0.00485436893204 0.0
11.7 0.00804289544236 0.0
11.81 0.02 0.0
11.99 0.00222222222222 0.00444444444444
12.01 0.0123456790123 0.0
12.03 0.2 0.0
12.3 0.0833333333333 0.0
12.65 0.00662251655629 0.0
12.78 0.015873015873 0.0
12.99 0.002457002457 0.0
13.22 0.0 0.00645161290323
13.41 0.030303030303 0.0
13.49 0.0 0.0555555555556
14.02 0.0134228187919 0.0
14.68 0.0 0.166666666667
14.95 0.00571428571429 0.00285714285714
14.99 0.00694444444444 0.0
15.47 0.0 0.0204081632653
15.77 0.00740740740741 0.0
15.8 0.015625 0.0
15.9 0.0185185185185 0.0
15.95 0.00147275405007 0.0
16.5 0.0036231884058 0.0
16.59 0.0 0.0227272727273
16.65 0.0625 0.0
16.7 0.00206398348813 0.00103199174407
16.89 0.0121212121212 0.0
16.93 0.0151515151515 0.0151515151515
16.97 0.0217391304348 0.0217391304348
16.98 0.00555555555556 0.00185185185185
17.18 0.0238095238095 0.0238095238095
17.33 0.0526315789474 0.0
17.99 0.00331125827815 0.0
18.0 0.0246913580247 0.0
18.19 0.00174216027875 0.0
18.93 0.00719424460432 0.0
18.95 0.00980392156863 0.0
19.36 0.0 0.0212765957447
19.88 0.0020618556701 0.0
19.99 0.00431034482759 0.0
20.28 0.00392156862745 0.0
20.44 0.02 0.0
20.9 0.00537634408602 0.0
21.29 0.00331125827815 0.0
21.73 0.00458190148912 0.0
21.74 0.00228832951945 0.0
21.75 0.00440658049354 0.000881316098707
22.14 0.02 0.0
22.63 0.0 0.0232558139535
22.79 0.0 0.0049504950495
23.07 0.00862068965517 0.0
23.68 0.00671140939597 0.00671140939597
24.26 0.0333333333333 0.0
25.12 0.00153256704981 0.00153256704981
26.58 0.0714285714286 0.0
26.99 0.025 0.0
28.0 0.000436109899695 0.00174443959878
28.56 0.0117647058824 0.0
28.99 0.00215517241379 0.00215517241379
29.99 0.0294117647059 0.0
31.96 0.00367647058824 0.0
32.0 0.0 0.2
32.95 0.0106382978723 0.0
32.99 0.000474383301708 0.00189753320683
34.99 0.00179211469534 0.00179211469534
35.44 0.00591715976331 0.00147928994083
35.79 0.00219138056976 0.0
36.84 0.333333333333 0.0
38.32 0.0769230769231 0.0
42.0 0.047619047619 0.0
43.29 0.0 0.0434782608696
44.99 0.0 0.00751879699248
45.99 0.0 0.00338983050847
56.0 0.0111111111111 0.0
59.99 0.0416666666667 0.0
196.86 0.0833333333333 0.0
