0.0 0.0 0.00120918984281
0.69 0.000942507068803 0.0014137606032
0.89 0.00105988341282 0.00715421303657
0.99 0.00130097348706 0.00349917006864
1.29 0.00073500967118 0.00239845261122
1.78 0.0 0.0128205128205
1.98 0.00480769230769 0.00480769230769
2.97 0.0 0.00584795321637
2.99 0.0 0.00442477876106
3.29 0.0 0.027027027027
3.96 0.0 0.0126582278481
3.98 0.0 0.5
3.99 0.0 0.00399467376831
4.19 0.0 0.1
4.99 0.00319488817891 0.00319488817891
5.0 0.00196078431373 0.00196078431373
5.43 0.0 0.5
5.44 0.0 1.0
5.66 0.0 1.0
5.94 0.0 0.00574712643678
5.96 0.0 0.5
5.99 0.0017094017094 0.00683760683761
6.43 0.0 0.333333333333
6.45 0.0909090909091 0.0
6.63 0.0 1.0
6.93 0.0 0.0116279069767
6.99 0.0 0.00336473755047
7.26 0.0 0.25
7.35 0.0 0.0909090909091
7.59 0.0 0.142857142857
7.77 0.0 0.333333333333
7.92 0.00555555555556 0.0111111111111
7.99 0.000486144871172 0.00486144871172
8.34 0.0 0.5
8.71 0.5 0.0
8.99 0.000741106719368 0.00469367588933
9.39 0.0 0.0833333333333
9.49 0.00261359067149 0.00301568154403
9.56 0.0 1.0
9.99 0.00110375275938 0.00386313465784
10.49 0.0 0.00320512820513
10.63 0.0 0.333333333333
10.83 0.0 0.25
10.99 0.00251256281407 0.0
11.16 0.0 0.5
11.49 0.00185873605948 0.0046468401487
11.72 0.0 0.2
11.98 0.0 0.0104166666667
12.06 0.0 0.25
12.49 0.00467289719626 0.00934579439252
12.68 0.0 0.25
12.98 0.0 0.0181818181818
13.25 0.0 0.333333333333
13.86 0.0 0.142857142857
13.95 0.0 0.111111111111
14.19 0.0 0.2
14.49 0.00746268656716 0.0
14.67 0.0 0.333333333333
14.86 0.0 0.166666666667
15.04 0.0 0.333333333333
15.34 0.0 0.25
15.49 0.0 0.0322580645161
15.58 0.0 0.25
15.74 0.0 0.25
15.77 0.5 0.0
16.01 0.0 0.125
16.19 0.166666666667 0.0
16.49 0.0 0.0408163265306
17.39 0.0 0.5
17.98 0.0 0.0434782608696
17.99 0.0 0.0454545454545
19.49 0.0 1.0
20.01 1.0 0.0
20.11 0.0 0.333333333333
20.5 0.0 1.0
20.85 0.0 1.0
21.87 0.0 0.2
23.88 0.0 0.333333333333
23.97 0.0 0.25
25.64 0.0 0.5
27.07 0.0 1.0
29.91 0.0 0.5
33.98 0.0 0.25
34.96 0.0 1.0
41.99 0.5 0.0
46.56 1.0 0.0
48.04 0.0 1.0
51.5 0.0 1.0
53.98 1.0 0.0
55.46 1.0 0.0
